Tried aggregator 1 time.
MIP Presolve eliminated 1080 rows and 19656 columns.
MIP Presolve modified 27000 coefficients.
Reduced MIP has 4320 rows, 27000 columns, and 108000 nonzeros.
Reduced MIP has 27000 binaries, 0 generals, 0 SOSs, and 0 indicators.
Presolve time = 0.29 sec. (545.24 ticks)
Tried aggregator 1 time.
Reduced MIP has 4320 rows, 27000 columns, and 108000 nonzeros.
Reduced MIP has 27000 binaries, 0 generals, 0 SOSs, and 0 indicators.
Presolve time = 0.08 sec. (59.83 ticks)
Probing time = 0.09 sec. (7.43 ticks)
Clique table members: 4320.
MIP emphasis: balance optimality and feasibility.
MIP search method: dynamic search.
Parallel mode: deterministic, using up to 12 threads.
Root relaxation solution time = 6.70 sec. (7120.35 ticks)

        Nodes                                         Cuts/
   Node  Left     Objective  IInf  Best Integer    Best Bound    ItCnt     Gap

      0     0     1296.0000  3784                   1296.0000        4         
*     0+    0                         1296.0000     1296.0000             0.00%
      0     0        cutoff           1296.0000     1296.0000        4    0.00%
Elapsed time = 73.50 sec. (82432.49 ticks, tree = 0.01 MB, solutions = 1)

Root node processing (before b&c):
  Real time             =   73.50 sec. (82434.03 ticks)
Parallel b&c, 12 threads:
  Real time             =    0.00 sec. (0.00 ticks)
  Sync time (average)   =    0.00 sec.
  Wait time (average)   =    0.00 sec.
                          ------------
Total (root+branch&cut) =   73.50 sec. (82434.03 ticks)
Total Numbers: 1296
Valid
10 29 35 32 14 21 | 30 26 25 33 34  5 | 24 11 27  4 20 17 | 19  7  9 15  2 16 |  6 28 18  3  8 13 | 23 31 12 36 22  1
15 24  3 22 18  8 |  4 17 19 27  2 31 | 35  5 26 16 33 32 | 36 25 21 23  1 28 | 30 14 10 34 12 20 | 29 13  7  9 11  6
27 30 16 33  7 13 | 12 32 22 28 21 23 | 29  3 14 34  9 25 |  6 17  4  5 18  8 | 36  1 15 31  2 11 | 19 26 20 24 35 10
17 36  1 11 19 12 | 15 20  6 29 24  9 | 18  2 22  7 10 30 | 26 31 33 34 35 13 | 27  5 25 16 23  4 |  3 32 28  8 14 21
31 20 34 23 25  4 | 11 18  8 35 36 16 |  1 19 21  6 13 28 | 32 14  3 12 30 10 | 29 24  9 22 26  7 |  2 17 27 33 15  5
 2  5  6 26  9 28 | 14  1 10 13  3  7 | 31 15 23 12  8 36 | 11 22 29 20 27 24 | 33 17 21 19 32 35 | 18  4 16 30 34 25
---------------------------------------------------------------------------------------------------------------------
23 19 36  7 13  6 | 31 34 29 32 17 26 | 25  1 33 21  5 14 | 16 11 35 27 28 20 | 24 18  4 30 22  8 |  9  2 10 15  3 12
35 11  9 21 33  5 |  2 22 18 16 19  3 | 30  7 28 10 32 24 | 23  1  6  8 13 29 | 34 36 17 15 27 12 |  4 20 14 31 25 26
18 27 31 29  1  3 |  8 10 36 21 35 30 |  9 16 15 22 12  4 | 25 33 26 32 17 34 | 20  2  6  7 14 19 | 11 24 23 28  5 13
25 34 28 20 24 30 | 33 27  4  1  5  6 |  2 31  8 26 35 29 | 14  3 10 36 12 15 | 13 32 11 23  9 16 | 22 21 19 17  7 18
32 26 10 12 15 17 |  7 13 14  9 23 20 | 11 34 36 27 19  3 | 24  2 22 18  4 30 |  5 31 28 21 25 29 | 16 35 33  6  1  8
 8 14 22 16  4  2 | 24 11 15 25 12 28 | 20 13 17 23 18  6 |  5  9 31 21  7 19 |  3 33 26 35 10  1 | 34 36 30 32 29 27
---------------------------------------------------------------------------------------------------------------------
36 33 18  6  2 34 | 25 35  9 24 27 15 | 12 22 29  8 17 23 | 30  4 28 10 26 11 |  7 20  1 14 16  3 | 21  5 31 13 32 19
 5  8 29 13 31 11 |  3 30 16 12  7 22 | 10 24 32 25  6  9 | 21 19 27  1 23 18 | 26  4 35 33 17 15 | 14 34 36 20  2 28
21 35 27  9 26 19 | 10  2  5 34  8 32 | 33 14 13 15 16 18 | 29 36 25 31 20  3 | 23 12 30 11 24 28 |  1  6  4  7 17 22
 7  4 23 24 16 22 | 28 36 21 14 31  1 | 19 20  3 30 26  5 | 13 32  2 17 33 12 | 25 29 27 18 34  6 | 35 11 15 10  8  9
 1 32 20 15  3 25 |  6 33 11 17 13  4 | 27 21 35 28  7 31 |  9  5 34 16 24 14 |  8 10 22  2 19 36 | 12 23 18 29 26 30
12 17 14 28 30 10 | 23 19 26 20 18 29 | 34 36  4  1  2 11 |  7 15  8 35 22  6 | 32  9  5 13 21 31 | 27 33 24 25 16  3
---------------------------------------------------------------------------------------------------------------------
22 25  5 10 34 16 | 13 23 12  7 32 27 | 15  6  2 35 14 21 | 18 26 20 28 29  4 | 11 19  8 17 30 24 | 33  9  3  1 36 31
30 13 26  8  6 36 | 18  9 17  2 15 24 | 28 33 19 20  3  1 | 35 23 32 11 34  7 | 21 27 14 29 31 25 |  5 12 22 16 10  4
33  3 15  4 17 31 |  5 14 28 22 16  8 | 26 23  9 29 11 10 |  1 30 36 19 21  2 | 12  7 13 32 18 34 |  6 25 35 27 20 24
 9 18 32 35 21 14 | 20 29 34 10  1 19 |  4 27 12 17 31 13 | 22  8 24  3  5 25 | 16 15 33 36  6 26 | 30  7  2 23 28 11
19 28 12  2 20 29 | 36 21  3  4 25 11 |  7 18 30 32 24 34 | 33 27 16  6 31  9 | 22 35 23  5  1 10 | 15 14  8 26 13 17
11 23 24  1 27  7 | 26  6 33 31 30 35 |  8 25  5 36 22 16 | 10 12 13 14 15 17 |  2  3 20 28  4  9 | 32 19 29 21 18 34
---------------------------------------------------------------------------------------------------------------------
20 31  4 30 36 18 | 35 24  1  3  6 21 | 32  9  7 13 34 12 | 27 10 17 33 25 23 | 14 22 29  8 11  5 | 28 15 26  2 19 16
28 12 17 14 29  1 | 22  4 31 19 33 36 |  6  8 16  3 25 20 |  2 35 18 24 11 21 | 15 26 32 27  7 30 | 13 10  5 34  9 23
13 15  2 27 10 24 | 34 12 20 18 11 14 | 23  4  1 33 36 35 |  8 29 19 26 32  5 | 28  6 16  9  3 17 | 31 30 25 22 21  7
 3 21 33  5 32 23 | 17 16  7  8 26 25 | 14 28 31  2 29 19 | 15  6 30 22  9 36 | 10 34 12  1 13 18 | 24 27 11 35  4 20
16 22  7 25 35  9 | 32 15  2 30 29 13 | 17 10 11  5 27 26 | 28 34 12  4 14 31 | 19 23 24 20 33 21 |  8 18  1  3  6 36
34  6 11 19  8 26 |  9  5 27 23 28 10 | 22 30 24 18 21 15 | 20 16  7 13  3  1 | 35 25 31  4 36  2 | 17 29 32 12 33 14
---------------------------------------------------------------------------------------------------------------------
24 16 19 31 28 33 | 27 25 32  5  4 34 |  3 35 10 11 15 22 | 17 13 14 30 36 26 |  1 21  2  6 20 23 |  7  8  9 18 12 29
 6  2  8  3 22 15 | 29 28 13 36 14 18 | 21 17 25 24 30 27 | 31 20 11  7 10 33 |  9 16 19 12  5 32 | 26  1 34  4 23 35
14 10 21 17 23 27 |  1  8 24 26  9 33 | 16 12 34 19  4  7 |  3 18 15 29  6 32 | 31 11 36 25 35 22 | 20 28 13  5 30  2
26  7 30 36  5 32 | 19 31 35 15 20 17 | 13 29 18  9 23  2 | 12 21  1 25 16 22 |  4  8 34 24 28 14 | 10  3  6 11 27 33
 4  9 25 18 11 35 | 16  3 30  6 10 12 |  5 32 20 31  1  8 | 34 28 23  2 19 27 | 17 13  7 26 29 33 | 36 22 21 14 24 15
29  1 13 34 12 20 | 21  7 23 11 22  2 | 36 26  6 14 28 33 |  4 24  5  9  8 35 | 18 30  3 10 15 27 | 25 16 17 19 31 32
