12 24 206
7 3
6 9
10 17
1 17
2 22
1 6
3 7
2 5
1 11
8 5
5 8
3 24
10 8
6 7
5 5
4 19
11 5
9 21
6 10
5 18
12 6
10 18
7 19
12 17
1 1
3 2
2 6
9 14
5 11
4 5
3 23
10 13
9 3
8 21
5 24
4 16
7 5
6 23
5 21
10 23
7 22
12 22
2 17
3 1
2 11
9 9
8 18
6 13
4 21
11 15
9 19
7 8
6 16
12 8
11 16
1 21
2 18
3 11
1 15
8 9
4 12
2 12
9 4
3 17
10 3
6 14
12 2
11 10
7 15
12 13
7 24
2 23
1 5
3 6
1 10
8 6
4 1
10 9
9 7
6 4
5 4
11 4
7 1
6 11
12 7
11 9
10 19
12 18
1 19
2 24
3 5
9 13
8 3
5 10
10 10
8 22
6 1
5 7
4 17
9 23
7 4
12 4
7 17
12 23
3 15
1 3
8 13
4 8
2 8
9 8
5 13
3 21
10 15
6 2
11 14
9 18
6 17
7 20
12 20
2 19
1 14
8 10
4 13
2 13
4 24
3 16
9 24
8 16
6 15
12 3
11 13
7 14
6 18
12 14
1 23
2 20
1 4
3 9
1 9
4 2
9 6
6 5
11 7
10 5
5 16
11 8
10 16
7 13
12 19
1 18
1 7
3 4
2 4
9 12
4 7
10 11
9 1
6 6
5 6
11 2
10 6
9 22
6 21
5 19
12 5
10 21
7 16
11 24
1 2
8 14
4 9
3 3
2 9
9 15
8 1
5 12
4 4
10 12
8 20
6 3
4 23
11 1
9 17
7 10
6 22
5 22
11 18
10 22
2 16
4 14
2 10
5 15
3 19
4 20
11 12
7 9
6 19
12 15
11 17
3 8
8 8
4 3
9 5
5 2
11 6
10 2
